63113
50708
26394
11530
31719
17531
48164
19005
12603
34008
3333
63525
47983
35404
39711
17921
34181
47905
46790
39473
7820
9631
28270
27216
65069
59490
39847
62290
49811
51275
24098
8636
7241
52014
38673
8603
57529
62904
15207
48448
44906
45382
51558
42960
23006
35741
63538
36680
51189
58101
61090
48885
27477
5303
15385
49694
55722
8492
12871
50293
51284
41487
35943
62887
10636
59913
61279
27868
27870
10153
22767
35473
4019
15304
6820
41330
32833
24984
16949
25424
27310
55869
3083
46372
34433
5863
6374
52622
57218
44897
64586
60308
61778
10188
27064
14583
9840
48012
53784
9028
55923
13578
58420
23154
45580
11871
51773
53791
21122
54927
36340
23872
29514
44425
7341
27112
14510
18332
32612
52616
23189
33496
66
43087
215
9999
55820
64080
31503
26446
21985
19622
9977
27289
50151
42730
25232
58661
54027
11139
20477
60416
30313
1606
19969
55028
47914
40655
16713
1963
56085
9420
24356
24183
5667
57086
59818
39966
49884
6035
56823
51595
55804
59508
44914
23083
32932
33321
56628
16504
44172
11872
6366
48622
37545
17980
20120
50327
47523
33410
44334
14568
4502
31444
45320
64228
39180
18351
40433
3529
53137
6906
1960
31251
26446
15107
24952
7862
27798
13804
46723
55346
818
56850
59512
30505
10443
52549
13926
32759
55625
53902
33340
43700
59595
63414
20206
27193
50704
17963
54274
14905
45807
20795
43785
13375
24177
58313
33112
4457
59426
15323
10586
45018
23974
40210
17567
54952
40407
63090
16197
63098
3804
1571
16373
14226
51719
6407
8849
15539
18435
60152
16452
38085
25976
39083
13033
8158
62131
15520
34094
28607
17302
3823
18848
60369
12057
29298
25090
50647
8873
41829
11153
25305
54335
471
46355
5044
25146
40891
22002
58983
28739
40283
50184
5315
57567
26976
50288
31533
61996
33291
34042
29322
48587
21969
7168
1931
54919
14440
48519
32746
7648
37106
56099
22415
1790
54378
43557
52373
40725
5896
52629
58867
40064
61015
4446
54617
55402
38482
1699
9670
23229
17524
49087
22030
8151
58941
4771
3261
2822
13256
27298
51760
53961
42173
58693
59985
54228
64642
57640
31108
35128
29770
18358
11312
18823
5300
17398
1619
61028
18303
11988
35986
15394
41586
46491
54028
30128
8550
28395
19342
13584
38029
38580
48482
50499
46052
47027
32890
12094
46965
59937
40248
31582
20450
41098
17633
21263
37373
61171
44526
59008
44299
53796
30395
26359
52231
22240
35030
25563
10579
2091
5070
13513
24403
49500
40952
23216
17051
47760
48254
23293
55556
19639
14437
13951
14103
47988
49260
57471
32900
8141
48049
21828
60257
64504
13213
26822
20197
51249
55395
39444
28486
63333
61218
5452
16353
10716
20859
14296
48334
63843
3168
63651
44064
34509
36170
21252
38655
37184
24196
32440
2659
54819
60474
19577
49241
2422
43452
21773
43950
15256
45152
58104
6942
43006
56377
11510
50342
61802
50902
56283
42951
53519
22815
10526
23726
24604
5187
36587
49239
58205
31201
59106
35198
28826
65044
33933
24918
51710
50866
56138
46135
24227
51775
20655
52146
52605
2816
10924
33595
29327
6054
63508
19661
8910
22316
14657
27205
4813
8543
30959
33901
5144
13551
62006
53382
36533
46981
33539
4716
25762
53281
10760
13004
56701
55374
1687
12350
48709
39376
36906
42474
19839
40079
1285
23750
35882
63449
23372
41970
51477
47855
63675
60160
41942
59265
15043
7419
59312
15716
15834
63100
33445
5545
7905
23149
31497
9413
8172
64188
45897
54177
6472
25128
43381
40590
37957
3290
9211
31694
60794
11516
61385
8472
13320
33054
54092
19843
59710
12844
38490
15080
48119
39004
16110
33748
17298
32787
15866
8667
13172
43848
27856
28478
36937
55328
11019
5961
57187
11285
15449
42614
52617
2720
56833
34404
20690
49420
60090
63147
12232
7482
23022
23162
12944
44279
23176
38925
6140
40182
13037
27350
62503
46214
48164
20343
36640
56108
8082
611
5078
45576
43424
37496
14659
47835
20905
31065
38010
4899
42536
30509
61883
8734
19437
36746
8087
36462
13851
13714
10548
6597
17287
46619
28381
30976
29268
17487
44478
9054
23922
49099
56292
18028
3680
42787
48137
21542
16673
32517
24566
59318
18075
55658
6256
20899
35578
45405
57633
61497
4194
56161
30090
25329
41610
14406
25843
41352
13291
19762
40282
26623
22912
1811
42126
16835
44127
12003
43358
44600
33237
24211
35062
27121
51280
53412
5391
18542
23218
59108
18898
19534
2474
47918
40342
50669
19697
63543
17399
19613
45483
56359
45243
58129
61783
60347
8309
42748
14992
3762
42093
5070
50135
40413
36881
19389
48636
11442
3923
38656
14470
25479
45640
35132
27721
12631
25148
5997
8203
37926
14930
38602
50757
39422
20868
48593
27316
29324
34764
38419
16393
7819
46235
64870
25208
44797
13295
10912
20732
3758
16725
21172
26005
62719
1923
22868
47641
7633
61374
41643
1172
63412
59637
64521
63764
11144
57978
58939
10193
14305
5436
47027
29702
41689
26375
21764
35301
20192
57712
3489
59032
24233
92
20421
25994
57888
22094
53957
65264
40475
30144
57766
44751
33533
12797
4646
58842
30659
36564
52617
37052
42750
16334
8666
41691
26350
32027
49909
12733
38102
32986
31785
59960
604
62110
33869
62062
39604
21422
49346
59424
43059
35925
32359
29598
8876
42082
7200
2421
61201
34429
36790
45491
16994
12762
13687
38896
63602
43029
33679
27823
13096
8194
44516
15520
21725
61969
5193
58761
47170
25158
11683
8425
1672
58885
7492
45730
55563
1183
63114
29595
21350
10086
1026
3711
32024
64747
62738
36031
33747
53647
17909
36114
26790
63858
21414
51240
24396
7217
34460
38202
53227
38084
42502
29689
13542
52958
28700
21838
14356
29274
56559
56726
33148
37834
13938
10954
42247
2734
21609
40135
53691
28937
37846
40572
9018
22682
31050
47609
21129
36558
41741
10192
38198
11596
46320
12770
40560
63608
4768
58118
19591
43796
34869
42491
47878
13693
51792
18301
24137
19158
275
48780
58753
28278
16948
46179
54141
56052
150
57411
49638
20943
31052
23396
52704
6624
6388
23704
48268
4864
44944
43573
31224
59853
9720
12647
61920
44594
50611
54553
12151
40463
9252
49551
48280
4545
27423
36273
28995
36399
13596
44412
7894
60934
4340
17075
38581
60875
12879
6118
38617
45893
61185
32362
51171
58287
43255
